
1	
 meanMethod:obj:	7388.4
x[0]	 0.0	x[1]	 0.0	x[2]	 0.0	x[3]	 0.0	x[4]	 0.0	x[5]	 4.0	x[6]	 5.0	x[7]	 5.0	x[8]	 6.0	x[9]	 0.0	
x[10]	 7.0	x[11]	 2.0	x[12]	 7.0	x[13]	 12.0	x[14]	 0.0	x[15]	 7.0	x[16]	 7.0	x[17]	 9.0	x[18]	 5.0	x[19]	 5.0	
x[20]	 5.0	x[21]	 4.0	x[22]	 2.0	x[23]	 8.0	x[24]	 5.0	x[25]	 0.0	x[26]	 0.0	x[27]	 0.0	x[28]	 0.0	x[29]	 0.0	
x[30]	 0.0	x[31]	 8.0	x[32]	 5.0	x[33]	 2.0	x[34]	 0.0	x[35]	 6.0	x[36]	 6.0	x[37]	 0.0	x[38]	 0.0	x[39]	 7.0	
x[40]	 8.0	x[41]	 6.0	x[42]	 0.0	x[43]	 0.0	x[44]	 7.0	x[45]	 5.0	x[46]	 0.0	x[47]	 5.0	x[48]	 6.0	x[49]	 5.0	
x[50]	 0.0	x[51]	 0.0	x[52]	 0.0	x[53]	 0.0	x[54]	 0.0	x[55]	 0.0	x[56]	 0.0	x[57]	 8.0	x[58]	 5.0	x[59]	 0.0	
x[60]	 8.0	x[61]	 7.0	x[62]	 5.0	x[63]	 0.0	x[64]	 0.0	x[65]	 8.0	x[66]	 6.0	x[67]	 0.0	x[68]	 5.0	x[69]	 9.0	
x[70]	 5.0	x[71]	 0.0	x[72]	 0.0	x[73]	 9.0	x[74]	 1.0	
	N6_supply	29.0	N7_supply	15.0	N8_supply	12.0	N9_supply	21.0	N10_supply	12.0	N11_supply	16.0
	N12_supply	0.0	N13_supply	13.0	N14_supply	20.0	N15_supply	14.0	N16_supply	19.0	N17_supply	10.0
	N18_supply	0.0	N19_supply	27.0	N20_supply	30.0	N21_supply	14.0	N22_supply	5.0	N23_supply	0.0
7388.4	0.23	

 Iterations of improveMethod:
obtain q and u at the last stage:
1	1.0	8.0	8.66	8.0	26.76	8.0	160.95	1000.0
2	0.83	7.0	7.97	5.0	25.45	8.0	155.71	1000.0
3	9.2	8.0	17.72	8.0	33.3	5.0	146.0	1000.0
4	6.08	5.0	14.99	9.0	35.72	5.0	148.56	1000.0
5	8.57	9.0	19.57	6.0	31.27	7.0	111.5	1000.0
end of obtaining q and u at the stage.
ite=:	1
t=:	1
1	45.64	8.0	60.980000000000004	5.0	61.080000000000005	6.0	193.28	1000.0
2	65.04	17.0	67.14	9.0	129.32	1000.0
3	32.54	8.0	43.480000000000004	7.0	45.29	6.0	104.02	1000.0
4	19.54	7.0	27.26	8.0	89.12	7.0	152.22	1000.0
5	16.310000000000002	5.0	44.58	5.0	70.45	6.0	119.86	1000.0
end of obtaining q and u.
t=:	0
1	86.43	5.0	111.92	6.0	112.55	1000.0
2	96.84	8.0	100.59	7.0	106.30000000000001	5.0	136.07	1000.0
3	36.97	7.0	95.51	7.0	114.75	1000.0
4	51.99	5.0	65.67	5.0	73.17	5.0	196.79	1000.0
5	63.50000000000001	5.0	105.47	8.0	126.66	1006.0
end of obtaining q and u.
obj:	7378.939999999999
update supply
t=:	1
1	45.64	8.0	60.980000000000004	5.0	61.080000000000005	6.0	193.28	1000.0
2	65.04	17.0	67.14	9.0	129.32	1000.0
3	32.54	8.0	43.480000000000004	7.0	45.29	6.0	104.02	1000.0
4	19.54	7.0	27.26	8.0	89.12	7.0	152.22	1000.0
5	16.310000000000002	5.0	44.58	5.0	70.45	6.0	119.86	1000.0
end of obtaining q and u.
t=:	0
supply 1_0:	28.0
supply 1_1:	15.0
supply 1_2:	13.0
supply 1_3:	21.0
supply 1_4:	12.0
supply 1_5:	16.0
alpha=:	1.0
t=:	1
1	45.64	8.0	110.39	5.0	110.49	6.0	193.28	1000.0
2	114.45	17.0	116.55	9.0	129.32	1000.0
3	43.480000000000004	7.0	81.95	8.0	94.7	6.0	104.02	1000.0
4	19.54	7.0	27.26	8.0	138.53	7.0	152.22	1000.0
5	16.310000000000002	5.0	44.58	5.0	119.86	1006.0
end of obtaining q and u.
G2_x2=:	7428.349999999998	G1_x1=:	7388.4
hi update solution
N6	28.5
N7	15.0
N8	12.5
N9	21.0
N10	12.0
N11	16.0
alpha=:	0.5
t=:	1
1	45.64	8.0	110.39	5.0	110.49	6.0	193.28	1000.0
2	114.45	17.0	116.55	9.0	129.32	1000.0
3	43.480000000000004	7.0	81.95	8.0	94.7	6.0	104.02	1000.0
4	19.54	7.0	27.26	8.0	138.53	7.0	152.22	1000.0
5	16.310000000000002	5.0	44.58	5.0	119.86	1006.0
end of obtaining q and u.
G2_x2=:	7408.374999999997	G1_x1=:	7388.4
hi update solution
N6	28.75
N7	15.0
N8	12.25
N9	21.0
N10	12.0
N11	16.0
alpha=:	0.25
t=:	1
1	45.64	8.0	110.39	5.0	110.49	6.0	193.28	1000.0
2	114.45	17.0	116.55	9.0	129.32	1000.0
3	43.480000000000004	7.0	81.95	8.0	94.7	6.0	104.02	1000.0
4	19.54	7.0	27.26	8.0	138.53	7.0	152.22	1000.0
5	16.310000000000002	5.0	44.58	5.0	119.86	1006.0
end of obtaining q and u.
G2_x2=:	7398.387499999996	G1_x1=:	7388.4
hi update solution
N6	28.875
N7	15.0
N8	12.125
N9	21.0
N10	12.0
N11	16.0
alpha=:	0.125
t=:	1
1	45.64	8.0	110.39	5.0	110.49	6.0	193.28	1000.0
2	114.45	17.0	116.55	9.0	129.32	1000.0
3	43.480000000000004	7.0	81.95	8.0	94.7	6.0	104.02	1000.0
4	19.54	7.0	27.26	8.0	138.53	7.0	152.22	1000.0
5	16.310000000000002	5.0	44.58	5.0	119.86	1006.0
end of obtaining q and u.
G2_x2=:	7393.3937499999965	G1_x1=:	7388.4
hi update solution
N6	28.9375
N7	15.0
N8	12.0625
N9	21.0
N10	12.0
N11	16.0
alpha=:	0.0625
t=:	1
1	45.64	8.0	110.39	5.0	110.49	6.0	193.28	1000.0
2	114.45	17.0	116.55	9.0	129.32	1000.0
3	43.480000000000004	7.0	81.95	8.0	94.7	6.0	104.02	1000.0
4	19.54	7.0	27.26	8.0	138.53	7.0	152.22	1000.0
5	16.310000000000002	5.0	44.58	5.0	119.86	1006.0
end of obtaining q and u.
G2_x2=:	7390.896874999998	G1_x1=:	7388.4
hi update solution
N6	28.96875
N7	15.0
N8	12.03125
N9	21.0
N10	12.0
N11	16.0
alpha=:	0.03125
t=:	1
1	45.64	8.0	110.39	5.0	110.49	6.0	193.28	1000.0
2	114.45	17.0	116.55	9.0	129.32	1000.0
3	43.480000000000004	7.0	81.95	8.0	94.7	6.0	104.02	1000.0
4	19.54	7.0	27.26	8.0	138.53	7.0	152.22	1000.0
5	16.310000000000002	5.0	44.58	5.0	119.86	1006.0
end of obtaining q and u.
G2_x2=:	7389.648437499997	G1_x1=:	7388.4
hi update solution
N6	28.984375
N7	15.0
N8	12.015625
N9	21.0
N10	12.0
N11	16.0
alpha=:	0.015625
t=:	1
1	45.64	8.0	110.39	5.0	110.49	6.0	193.28	1000.0
2	114.45	17.0	116.55	9.0	129.32	1000.0
3	43.480000000000004	7.0	81.95	8.0	94.7	6.0	104.02	1000.0
4	19.54	7.0	27.26	8.0	138.53	7.0	152.22	1000.0
5	16.310000000000002	5.0	44.58	5.0	119.86	1006.0
end of obtaining q and u.
G2_x2=:	7389.024218749998	G1_x1=:	7388.4
hi update solution
N6	28.9921875
N7	15.0
N8	12.0078125
N9	21.0
N10	12.0
N11	16.0
alpha=:	0.0078125
t=:	1
1	45.64	8.0	110.39	5.0	110.49	6.0	193.28	1000.0
2	114.45	17.0	116.55	9.0	129.32	1000.0
3	43.480000000000004	7.0	81.95	8.0	94.7	6.0	104.02	1000.0
4	19.54	7.0	27.26	8.0	138.53	7.0	152.22	1000.0
5	16.310000000000002	5.0	44.58	5.0	119.86	1006.0
end of obtaining q and u.
G2_x2=:	7388.712109374998	G1_x1=:	7388.4
hi update solution
N6	28.99609375
N7	15.0
N8	12.00390625
N9	21.0
N10	12.0
N11	16.0
alpha=:	0.00390625
t=:	1
1	45.64	8.0	110.39	5.0	110.49	6.0	193.28	1000.0
2	114.45	17.0	116.55	9.0	129.32	1000.0
3	43.480000000000004	7.0	81.95	8.0	94.7	6.0	104.02	1000.0
4	19.54	7.0	27.26	8.0	138.53	7.0	152.22	1000.0
5	16.310000000000002	5.0	44.58	5.0	119.86	1006.0
end of obtaining q and u.
G2_x2=:	7388.556054687498	G1_x1=:	7388.4
hi update solution
N6	28.998046875
N7	15.0
N8	12.001953125
N9	21.0
N10	12.0
N11	16.0
alpha=:	0.001953125
t=:	1
1	45.64	8.0	110.39	5.0	110.49	6.0	193.28	1000.0
2	114.45	17.0	116.55	9.0	129.32	1000.0
3	43.480000000000004	7.0	81.95	8.0	94.7	6.0	104.02	1000.0
4	19.54	7.0	27.26	8.0	138.53	7.0	152.22	1000.0
5	16.310000000000002	5.0	44.58	5.0	119.86	1006.0
end of obtaining q and u.
G2_x2=:	7388.478027343747	G1_x1=:	7388.4
hi update solution
N6	28.9990234375
N7	15.0
N8	12.0009765625
N9	21.0
N10	12.0
N11	16.0
alpha=:	9.765625E-4
t=:	1
1	45.64	8.0	110.39	5.0	110.49	6.0	193.28	1000.0
2	114.45	17.0	116.55	9.0	129.32	1000.0
3	43.480000000000004	7.0	81.95	8.0	94.7	6.0	104.02	1000.0
4	19.54	7.0	27.26	8.0	138.53	7.0	152.22	1000.0
5	16.310000000000002	5.0	44.58	5.0	119.86	1006.0
end of obtaining q and u.
G2_x2=:	7388.439013671873	G1_x1=:	7388.4
hi update solution
N6	28.99951171875
N7	15.0
N8	12.00048828125
N9	21.0
N10	12.0
N11	16.0
alpha=:	4.8828125E-4
t=:	1
1	45.64	8.0	110.39	5.0	110.49	6.0	193.28	1000.0
2	114.45	17.0	116.55	9.0	129.32	1000.0
3	43.480000000000004	7.0	81.95	8.0	94.7	6.0	104.02	1000.0
4	19.54	7.0	27.26	8.0	138.53	7.0	152.22	1000.0
5	16.310000000000002	5.0	44.58	5.0	119.86	1006.0
end of obtaining q and u.
G2_x2=:	7388.419506835936	G1_x1=:	7388.4
hi update solution
N6	28.999755859375
N7	15.0
N8	12.000244140625
N9	21.0
N10	12.0
N11	16.0
alpha=:	2.44140625E-4
t=:	1
1	45.64	8.0	110.39	5.0	110.49	6.0	193.28	1000.0
2	114.45	17.0	116.55	9.0	129.32	1000.0
3	43.480000000000004	7.0	81.95	8.0	94.7	6.0	104.02	1000.0
4	19.54	7.0	27.26	8.0	138.53	7.0	152.22	1000.0
5	16.310000000000002	5.0	44.58	5.0	119.86	1006.0
end of obtaining q and u.
G2_x2=:	7388.409753417966	G1_x1=:	7388.4
hi update solution
N6	28.9998779296875
N7	15.0
N8	12.0001220703125
N9	21.0
N10	12.0
N11	16.0
alpha=:	1.220703125E-4
t=:	1
1	45.64	8.0	110.39	5.0	110.49	6.0	193.28	1000.0
2	114.45	17.0	116.55	9.0	129.32	1000.0
3	43.480000000000004	7.0	81.95	8.0	94.7	6.0	104.02	1000.0
4	19.54	7.0	27.26	8.0	138.53	7.0	152.22	1000.0
5	16.310000000000002	5.0	44.58	5.0	119.86	1006.0
end of obtaining q and u.
G2_x2=:	7388.404876708982	G1_x1=:	7388.4
hi update solution
N6	28.99993896484375
N7	15.0
N8	12.00006103515625
N9	21.0
N10	12.0
N11	16.0
alpha=:	6.103515625E-5
t=:	1
1	45.64	8.0	110.39	5.0	110.49	6.0	193.28	1000.0
2	114.45	17.0	116.55	9.0	129.32	1000.0
3	43.480000000000004	7.0	81.95	8.0	94.7	6.0	104.02	1000.0
4	19.54	7.0	27.26	8.0	138.53	7.0	152.22	1000.0
5	16.310000000000002	5.0	44.58	5.0	119.86	1006.0
end of obtaining q and u.
G2_x2=:	7388.40243835449	G1_x1=:	7388.4
hi update solution
N6	28.999969482421875
N7	15.0
N8	12.000030517578125
N9	21.0
N10	12.0
N11	16.0
alpha=:	3.0517578125E-5
t=:	1
1	45.64	8.0	110.39	5.0	110.49	6.0	193.28	1000.0
2	114.45	17.0	116.55	9.0	129.32	1000.0
3	43.480000000000004	7.0	81.95	8.0	94.7	6.0	104.02	1000.0
4	19.54	7.0	27.26	8.0	138.53	7.0	152.22	1000.0
5	16.310000000000002	5.0	44.58	5.0	119.86	1006.0
end of obtaining q and u.
G2_x2=:	7388.4012191772445	G1_x1=:	7388.4
hi update solution
N6	28.999984741210938
N7	15.0
N8	12.000015258789062
N9	21.0
N10	12.0
N11	16.0
alpha=:	1.52587890625E-5
t=:	1
1	45.64	8.0	110.39	5.0	110.49	6.0	193.28	1000.0
2	114.45	17.0	116.55	9.0	129.32	1000.0
3	43.480000000000004	7.0	81.95	8.0	94.7	6.0	104.02	1000.0
4	19.54	7.0	27.26	8.0	138.53	7.0	152.22	1000.0
5	16.310000000000002	5.0	44.58	5.0	119.86	1006.0
end of obtaining q and u.
G2_x2=:	7388.400609588621	G1_x1=:	7388.4
hi update solution
N6	28.99999237060547
N7	15.0
N8	12.000007629394531
N9	21.0
N10	12.0
N11	16.0
alpha=:	7.62939453125E-6
t=:	1
1	45.64	8.0	110.39	5.0	110.49	6.0	193.28	1000.0
2	114.45	17.0	116.55	9.0	129.32	1000.0
3	43.480000000000004	7.0	81.95	8.0	94.7	6.0	104.02	1000.0
4	19.54	7.0	27.26	8.0	138.53	7.0	152.22	1000.0
5	16.310000000000002	5.0	44.58	5.0	119.86	1006.0
end of obtaining q and u.
G2_x2=:	7388.400304794309	G1_x1=:	7388.4
hi update solution
N6	28.999996185302734
N7	15.0
N8	12.000003814697266
N9	21.0
N10	12.0
N11	16.0
alpha=:	3.814697265625E-6
t=:	1
1	45.64	8.0	110.39	5.0	110.49	6.0	193.28	1000.0
2	114.45	17.0	116.55	9.0	129.32	1000.0
3	43.480000000000004	7.0	81.95	8.0	94.7	6.0	104.02	1000.0
4	19.54	7.0	27.26	8.0	138.53	7.0	152.22	1000.0
5	16.310000000000002	5.0	44.58	5.0	119.86	1006.0
end of obtaining q and u.
G2_x2=:	7388.400152397154	G1_x1=:	7388.4
hi update solution
N6	28.999998092651367
N7	15.0
N8	12.000001907348633
N9	21.0
N10	12.0
N11	16.0
alpha=:	1.9073486328125E-6
t=:	1
1	45.64	8.0	110.39	5.0	110.49	6.0	193.28	1000.0
2	114.45	17.0	116.55	9.0	129.32	1000.0
3	43.480000000000004	7.0	81.95	8.0	94.7	6.0	104.02	1000.0
4	19.54	7.0	27.26	8.0	138.53	7.0	152.22	1000.0
5	16.310000000000002	5.0	44.58	5.0	119.86	1006.0
end of obtaining q and u.
G2_x2=:	7388.400076198576	G1_x1=:	7388.4
hi update solution
N6	28.999999046325684
N7	15.0
N8	12.000000953674316
N9	21.0
N10	12.0
N11	16.0
t=:	1
supply 2_0:	0.0
supply 2_1:	13.0
supply 2_2:	20.000000953674316
supply 2_3:	14.0
supply 2_4:	19.0
supply 2_5:	10.0
solution value:	 7388.400115203859
obj:	7378.939999999999
7378.939999999999	0.0	0.32	