Iterations of newMethod:
obtain q and u at the last stage:
1	1.0	1.0	2.0	1.0	4.0	1.0	10.0	9.0
2	1.0	1.0	4.0	3.0	5.0	1.0	8.0	9.0
3	2.0	1.0	3.0	1.0	6.0	2.0	7.0	9.0
end of obtaining q and u at the stage.
ite=:	1
t=:	1
1	2.0	1.0	3.0	1.0	4.0	1.0	5.0	1.0	7.0	3.0	8.0	1.0	11.0	18.0
2	3.0	2.0	4.0	2.0	5.0	1.0	6.0	3.0	7.0	4.0	8.0	9.0	10.0	9.0	13.0	9.0
3	4.0	2.0	5.0	1.0	7.0	3.0	8.0	3.0	9.0	9.0	11.0	9.0
t=:	0
1	5.0	4.0	6.0	4.0	7.0	4.0	8.0	4.0	9.0	12.0	10.0	1.0	11.0	9.0	13.0	18.0	14.0	9.0
2	7.0	7.0	8.0	2.0	9.0	6.0	10.0	7.0	11.0	13.0	12.0	3.0	13.0	18.0	14.0	18.0	15.0	9.0	16.0	9.0
3	8.0	3.0	9.0	4.0	10.0	4.0	11.0	6.0	12.0	13.0	13.0	9.0	14.0	9.0	15.0	9.0	18.0	9.0
obj:	40.0
update supply
t=:	0
get flow
A3	0.0	A6	0.0	supply 0:	0.0
A0	0.0	A4	0.0	A7	3.0	supply 1:	3.0
A1	0.0	A5	2.0	A8	0.0	A10	0.0	supply 2:	2.0
A2	0.0	A9	0.0	A11	2.0	supply 3:	2.0
t=t+1
ite2=:	 1
update q and u for the new supply:
1	7.0	7.0	8.0	1.0	11.0	18.0
2	6.0	6.0	7.0	3.0	8.0	9.0	9.0	3.0	10.0	9.0	13.0	9.0
3	7.0	6.0	8.0	3.0	9.0	9.0	11.0	9.0
t=t-1
Obtain x2
A3	0.0	A6	0.0	supply 0:	0.0
A0	0.0	A4	0.0	A7	0.0	supply 1:	0.0
A1	0.0	A5	2.0	A8	3.0	A10	0.0	supply 2:	5.0
A2	0.0	A9	0.0	A11	2.0	supply 3:	2.0
end of obtaining x2.
update q and u for the new supply:
1	4.0	2.0	5.0	1.0	7.0	4.0	8.0	1.0	11.0	18.0
2	6.0	8.0	7.0	4.0	8.0	9.0	10.0	9.0	13.0	9.0
3	7.0	6.0	8.0	3.0	9.0	9.0	11.0	9.0
G2_x2 =:	61.0
G2_x1 =:	56.0
G1_x1=64.0,G2_x1=56.0,G1_x2=61.0,G2_x2=61.0,G1_xm=62.5,G2_xm=58.0
G1_x2==G2_x2, find optimal solution:
A3	0.0	A6	0.0	
A0	0.0	A4	0.0	A7	0.0	
A1	0.0	A5	2.0	A8	3.0	A10	0.0	
A2	0.0	A9	0.0	A11	2.0	
A3	0.0	A6	0.0	supply 0:	0.0
A0	0.0	A4	0.0	A7	0.0	supply 1:	0.0
A1	0.0	A5	2.0	A8	3.0	A10	0.0	supply 2:	5.0
A2	0.0	A9	0.0	A11	2.0	supply 3:	2.0
t=:	1
1	4.0	2.0	5.0	1.0	7.0	4.0	8.0	1.0	11.0	18.0
2	6.0	8.0	7.0	4.0	8.0	9.0	10.0	9.0	13.0	9.0
3	7.0	6.0	8.0	3.0	9.0	9.0	11.0	9.0
t=:	0
1	7.0	8.0	8.0	7.0	9.0	13.0	10.0	1.0	11.0	9.0	13.0	18.0	14.0	9.0
2	9.0	11.0	10.0	8.0	11.0	16.0	12.0	3.0	13.0	18.0	14.0	18.0	15.0	9.0	16.0	9.0
3	10.0	6.0	11.0	11.0	12.0	13.0	13.0	9.0	14.0	9.0	15.0	9.0	18.0	9.0
obj:	45.0
