5883.619999999996
scap
5832.169999999999
5847.770000000004
5825.999999999996
5847.770000000004	5909.389999999994	0.117
Gradient
5832.169999999999
5852.040000000002
5837.000000000001
5852.040000000002	5909.219999999994	0.507
NewMethod
5832.169999999999
5870.039999999999
5872.610000000001
5872.610000000001
5872.610000000001	5887.697073318022	0.476
improveMethod
5832.169999999999
1	5909.390000000001
2	5894.354999999998
3	5893.255000000001
4	5890.489374999998
5	5889.481562500001
6	5888.871640625002
7	5887.953085937502
8	5887.466513671872
9	5886.948793945316
10	5886.618057861326
5832.169999999999
5832.169999999999	5886.350603408808	0.319
