3896.0300000000025
scap
3836.119999999999
3849.1400000000003
3875.380000000003
3854.609999999996
3857.2899999999986
3875.380000000003	3920.429999999999	0.092
Gradient
3836.119999999999
3854.609999999998
3857.2899999999986
3855.370000000001
3866.9299999999994
3866.9299999999994	3941.82	0.446
NewMethod
3836.119999999999
3872.3399999999997
3881.09
3886.2300000000014
3881.7200000000003
3881.7200000000003
3886.2300000000014	3901.55288298428	0.379
improveMethod
3836.119999999999
1	3953.9100000000026
2	3920.430000000001
3	3909.835000000001
4	3904.120000000001
5	3903.5156250000027
6	3902.198750000003
7	3900.8392578125013
8	3899.94529296875
9	3899.893319625852
10	3899.617319545746
3836.119999999999
3836.119999999999	3899.6056818545603	0.249
