4403.559999999997
scap
4342.349999999997
4388.299999999996
4378.170000000004
4388.299999999996	4418.129999999998	0.602
Gradient
4342.349999999997
4388.299999999996
4378.170000000004
4388.299999999996	4418.129999999998	8.232
NewMethod
4342.349999999997
4398.64
4399.229999999999
4399.229999999999
4399.229999999999	4406.559477539066	2.517
improveMethod
4342.349999999997
1	4429.819999999992
2	4419.729999999996
3	4418.12999999999
4	4411.529999999994
5	4408.5549999999985
6	4407.554999999995
7	4406.859375
8	4406.646640624997
9	4406.159101562499
10	4405.840285644531
4342.349999999997
4342.349999999997	4405.567130126955	2.046
