4673.600000000002
scap
4602.150000000001
4665.47
4660.120000000001
4665.47	4683.239999999997	0.735
Gradient
4602.150000000001
4665.47
4660.120000000001
4665.47	4683.239999999997	11.256
NewMethod
4602.150000000001
4669.589999999994
4668.5099999999975
4668.5099999999975
4669.589999999994	4677.066210937499	2.661
improveMethod
4602.150000000001
1	4688.6399999999985
2	4683.93
3	4683.239999999995
4	4679.564999999999
5	4678.129999999997
6	4677.733750000002
7	4676.895624999999
8	4676.601562499996
9	4675.954765624994
10	4675.566679687501
4602.150000000001
4602.150000000001	4675.353398437494	2.177
