4525.39
scap
4458.7000000000035
4508.09
4509.92
4509.92	4540.420000000001	0.526
Gradient
4458.7000000000035
4508.09
4509.92
4509.92	4540.420000000001	6.137
NewMethod
4458.7000000000035
4521.749999999998
4521.240000000002
4521.240000000002
4521.749999999998	4527.882044944764	2.459
improveMethod
4458.7000000000035
1	4542.320000000004
2	4540.419999999998
3	4533.225000000001
4	4530.795000000006
5	4529.820000000005
6	4529.583750000004
7	4528.584062500005
8	4527.958906250001
9	4527.3454296875025
10	4527.272844238287
4458.7000000000035
4458.7000000000035	4527.242439727781	1.68
