5305.710000000006
scap
5210.840000000002
5230.290000000003
5257.249999999999
5224.659999999998
5258.260000000002
5258.260000000002	5375.979999999995	0.254
Gradient
5210.840000000002
5255.699999999995
5247.030000000004
5276.769999999999
5275.280000000001
5276.769999999999	5337.619999999998	3.876
NewMethod
5210.840000000002
5299.790000000001
5272.439999999999
5290.030000000004
5287.25
5287.25
5299.790000000001	5309.914281730648	0.656
improveMethod
5210.840000000002
1	5282.219999999999
2	5266.790000000004
3	5255.120000000002
4	5252.967500000001
5	5252.908437500002
6	5252.852705078127
7	5252.777170410159
8	5252.637275543214
9	5252.300061626435
10	5252.21088891745
11	5252.152792871557
12	5252.095778572507
13	5252.095428135394
14	5252.078782145124
15	5252.073246700251
16	5252.0223669735
17	5252.004779951174
18	5252.003088410277
19	5251.999069295196
20	5251.996331876524
21	5251.979220834642
22	5251.975905695227
23	5251.966038876107
24	5251.964810341498
25	5251.964669492664
26	5251.964260187195
27	5251.962158911635
28	5251.9594550232205
29	5251.959321135386
30	5251.959213305979
31	5251.959206925536
32	5251.959196458473
33	5251.9590433092735
34	5251.9590082518935
35	5251.959006927877
36	5251.958995319526
37	5251.958979413914
38	5251.958974361976
39	5251.958936078066
40	5251.958929745914
41	5251.958925599899
42	5251.958919095788
43	5251.958909318126
1	3812.2806723277713
2	3802.4159840946545
3	3798.9960125681937
4	3795.5201692420396
5	3794.893612984193
6	3794.6246645044653
7	3792.818019098523
8	3792.553355347477
9	3792.5514993602546
10	3792.434728107769
11	3792.4175489460326
12	3792.3304151039056
13	3792.3098357518484
14	3792.2647844694757
15	3792.22872126253
16	3792.224694962144
17	3792.2031284976056
18	3792.164576184552
19	3792.1600150143518
20	3792.1498747597425
21	3792.1366858745614
22	3792.123104793898
23	3792.1217225045643
24	3792.1137197644603
25	3792.091496219624
26	3792.089593599889
27	3792.0853061215157
28	3792.0607452050535
29	3792.0583363717956
30	3792.0576633578594
31	3792.0308284840758
32	3792.027927171173
33	3792.016379842501
34	3792.0152936965433
35	3792.0037345536252
36	3791.976466950955
37	3791.9669907642383
38	3791.9618631020267
39	3791.959489755234
40	3791.956835523558
41	3791.956130624256
42	3791.9506839578326
43	3791.9492060429043
44	3791.9486175133106
45	3791.93673131827
46	3791.93513359475
47	3791.9290891518876
48	3791.913885301368
49	3791.910098740015
50	3791.9096327232064
5291.950000000001
1	5291.950000000001
1	3804.9599999999973
2	3786.489999999998
3	3785.314999999998
4	3781.9699999999984
5285.530000000001
1	5312.140000000001
2	5309.605
3	5300.950000000001
4	5299.950000000001
1	3788.8899999999994
2	3787.0937499999964
3	3786.559999999999
4	3781.9174999999987
5	3781.7899999999972
6	3781.631425781248
7	3781.5598370361295
8	3781.437960205076
9	3781.3760070270278
10	3781.2217539298517
11	3781.2095030363525
12	3781.1859442066097
13	3781.179354817858
14	3781.1719271301163
15	3781.1699753293074
16	3781.1689864810496
17	3781.161597599761
18	3781.119824329701
19	3781.0910817538597
20	3781.0352947775054
21	3781.014673493653
22	3780.936520379989
23	3780.935115629559
24	3780.925671123882
25	3780.919197603346
26	3780.9050653152635
27	3780.9011652437625
28	3780.8816933399685
29	3780.8805405860803
30	3780.8794489087263
31	3780.877487657547
32	3780.8731182651654
33	3780.871592038365
34	3780.868537557045
35	3780.8681804663593
36	3780.867016778363
37	3780.866656829578
38	3780.8658728676755
39	3780.865856924607
40	3780.865492863214
41	3780.865424436132
42	3780.8652326775937
43	3780.8652184925054
44	3780.865130149813
45	3780.8651171612264
46	3780.8651072601547
47	3780.8650814261273
48	3780.865071525051
49	3780.8650615684337
50	3780.86506020651
5288.27
1	5295.710000000001
1	3802.119999999998
2	3795.139999999998
3	3787.669999999997
4	3783.9349999999968
5	3783.632499999998
6	3783.6171874999964
7	3783.596182250973
8	3783.4573789978012
9	3783.43493921965
10	3783.4123303525107
11	3783.402411135273
12	3783.39254800819
13	3783.3875393448698
14	3783.3873208477344
15	3783.386815275795
16	3783.386330538464
17	3783.3860235700495
18	3783.385816002664
19	3783.38574300695
20	3783.3857327543
21	3783.385360418583
22	3783.3852559746783
23	3783.385243529599
24	3783.385216163614
25	3783.3851826417754
26	3783.3851806506627
27	3783.385134426834
28	3783.3850917066056
29	3783.3850814098687
30	3783.3850767717386
5271.649999999999
1	5316.660000000002
2	5309.890000000001
3	5308.6600000000035
4	5303.959999999999
5	5303.085000000003
6	5298.539999999999
7	5297.460000000001
8	5297.3284375
9	5297.3178027343765
10	5297.277150497439
11	5297.263018178938
12	5297.188316972853
13	5297.123819853143
14	5296.723988661979
15	5296.534304330917
16	5296.488720171526
17	5296.437273039762
18	5296.415379602299
19	5296.404387525399
20	5296.400537460895
21	5296.38120555861
22	5296.3721413763
23	5296.359279620302
24	5296.356301622671
25	5296.352983297313
26	5296.349834757988
27	5296.348345057637
28	5296.3479720303
29	5296.347846127381
30	5296.347364337364
31	5296.347323275229
32	5296.347141461776
33	5296.34712198098
34	5296.347052014016
35	5296.34700198768
1	3791.1786220703234
2	3791.006683300828
3	3789.620881961965
4	3787.1622198368996
5	3787.138402264566
6	3784.147658310806
7	3783.8050375246985
8	3783.026360690761
9	3782.9210965362154
10	3782.665659320685
11	3782.6039109187905
12	3782.5947941865716
13	3782.5938320994137
14	3782.575281870386
15	3782.56467459012
16	3782.5522152777266
17	3782.540038774267
18	3782.5383980481593
19	3782.5380074067953
20	3782.5353020515554
21	3782.5344363318545
22	3782.533880383494
23	3782.5327771039133
24	3782.531449333991
25	3782.5310086617783
26	3782.530110641859
27	3782.5298116264585
28	3782.5298102904667
29	3782.529759361634
30	3782.529690613534
31	3782.529686664622
32	3782.5296758395652
5271.649999999999
5291.950000000001	5307.599999999997	13.548
