
1	4250.27	4250.27	4250.27	4250.27	0.35	0.39	0.29	0.18
2	7377.16	7372.7	7376.4	7376.4	0.02	0.25	0.98	1.64
3	8941.15	8894.77	8932.6	8912.23	0.08	0.34	1.37	2.3
4	3896.03	3875.38	3869.7	3854.61	0.02	0.56	0.7	1.05
5	5305.71	5258.26	5292.62	5262.48	0.04	0.73	2.91	4.72
6	9157.62	9129.64	9129.92	9149.13	0.05	0.93	4.2	6.68
7	5883.62	5849.87	5836.17	5849.87	0.05	0.91	1.38	1.96
8	5130.5	5091.25	5099.05	5099.89	0.08	1.45	6.06	8.97
9	7163.32	7094.86	7138.13	7127.28	0.08	1.88	8.98	12.7
10	4322.11	4314.63	4316.12	4320.02	0.08	1.66	2.45	3.41
11	4918.55	4882.56	4885.09	4884.66	0.09	2.37	11.16	16.11
12	7428.96	7368.25	7395.33	7399.99	0.15	3.35	16.72	19.78
13	4860.4	4843.12	4847.24	4843.12	0.11	2.4	4.01	4.85
14	6665.24	6638.86	6650.86	6649.94	0.14	3.7	18.36	20.44

2	7377.16	7372.7
2	7377.16	7372.7	7376.4
2	7377.16	7372.7	7376.4	7376.4	0.24	0.45	1.11	1.59

1	4250.27	4250.27	4250.27	4250.27	0.29	0.37	0.32	0.19
2	7377.16	7372.7	7376.4	7376.4	0.02	0.28	1.14	1.67
3	8941.15	8894.77	8915.43	8912.23	0.08	0.34	1.45	2.15
4	3896.03	3875.38	3869.7	3854.61	0.02	0.47	0.72	1.09
5	5305.71	5258.26	5279.65	5262.48	0.04	0.75	3.06	4.64
6	9157.62	9129.64	9125.38	9149.13	0.05	0.92	4.29	6.65
7	5883.62	5849.87	5836.17	5849.87	0.05	0.91	1.47	1.96
8	5130.5	5091.25	5089.89	5099.89	0.08	1.44	6.38	8.79
9	7163.32	7094.86	7119.2	7127.28	0.09	1.8	9.07	11.75
10	4322.11	4314.63	4316.12	4320.02	0.06	1.5	2.41	3.19
11	4918.55	4882.56	4868.12	4884.66	0.1	2.31	11.14	15.23
12	7428.96	7368.25	7398.62	7399.99	0.11	3.13	16.29	18.55
13	4860.4	4843.12	4847.24	4843.12	0.1	2.3	4.02	5.03
14	6665.24	6638.86	6652.69	6649.94	0.15	3.52	18.3	19.67
15	7661.16	7619.84	7639.78	7643.37	0.2	4.97	27.71	33.68
16	4450.64	4426.97	4431.15	4436.16	0.12	3.19	6.85	6.58
17	6023.41	5987.86	6005.36	6007.91	0.21	5.05	36.66	23.39
18	7077.73	7031.92	7043.32	7045.17	0.3	7.54	54.67	45.66
19	4595.58	4587.25	4587.25	4581.49	0.17	4.4	12.98	9.39
20	5815.92	5777.43	5777.43	5795.0	0.26	6.71	63.83	39.85
21	7250.14	7191.25	7202.59	7210.53	0.35	9.33	93.34	64.39
22	4525.39	4512.26	4510.55	4504.01	0.25	5.96	24.91	12.45
23	5132.06	5106.85	5106.85	5106.31	0.34	9.43	106.89	61.5
24	8416.67	8368.46	8368.46	8394.57	0.55	13.23	188.87	62.97
25	4403.56	4391.48	4391.48	4396.6	0.3	9.03	42.24	12.18
26	5898.59	5862.73	5862.73	5879.44	0.47	11.73	196.05	77.16
27	7499.46	7444.36	7444.36	7463.03	0.63	16.92	275.97	104.55
28	4673.6	4663.8	4663.8	4665.72	0.36	10.0	50.48	14.62
29	6586.55	6546.41	6546.41	6573.18	0.57	15.96	272.54	93.64
30	7332.12	7291.18	7291.18	7316.55	0.81	20.88	375.28	117.47

1	-2.147483648E7	-2.147483648E7	-2.147483648E7	-2.147483648E7	-2.147483648E7	-2.147483648E7	0.07	0.0	0.0	0.0	0.0	0.0
2	1019.78	1017.76	1016.65	1016.65	1016.65	1013.29	0.01	0.05	0.73	0.0	0.0	3.42
3	930.38	930.38	930.38	930.38	930.38	927.66	0.01	0.04	0.71	0.0	0.0	1.17
4	868.73	866.25	866.37	866.37	866.37	861.29	0.01	0.04	0.8	0.0	0.0	9.09
5	1020.61	1015.87	1018.77	1018.77	1018.77	1012.34	0.01	0.05	0.93	0.0	0.0	6.63
6	972.96	971.37	972.15	972.15	972.15	966.6	0.01	0.06	1.02	0.0	0.0	40.53
7	-2.147483648E7	769.42	770.73	770.73	770.73
1	-2.147483648E7	-2.147483648E7
1	4250.27	4250.27	4250.27	4250.27	4250.27	4212.31	0.07	0.04	0.6	0.0	0.0	0.85
2	7377.16	7368.84	7368.92	7368.92	7368.92	7370.07	0.01	0.04	0.98	0.0	0.0	7.11
3	8941.15	8887.51	8908.68	8908.68	8908.68	8932.84	0.01	0.05	1.38	0.0	0.0	49.13
4	3896.03	3859.23	3852.63	3852.63	3852.63
1	4250.27	4250.27	4250.27	4250.27	4250.27	4212.31	0.33	0.05	0.54	0.0	0.0	0.84
2	7377.16	7372.7	7375.57	7375.57	7375.57	7375.57	0.0	0.05	0.91	0.0	0.0	4.89
3	8941.15	8873.07	8904.01	8904.01	8904.01	8931.37	0.01	0.06	1.3	0.0	0.0	776.27
4	3896.03	3875.38	3857.29	3857.29	3857.29