4595.580000000002
scap
4523.539999999999
4586.48
4566.680000000001
4586.48	4607.400000000001	0.392
Gradient
4523.539999999999
4586.48
4566.680000000001
4586.48	4607.400000000001	3.678
NewMethod
4523.539999999999
4586.199999999999
4588.530000000004
4588.530000000004
4588.530000000004	4598.5991015625	1.484
improveMethod
4523.539999999999
1	4607.4000000000015
2	4601.765
3	4600.077500000002
4	4599.670000000003
5	4599.604999999999
6	4599.136249999998
7	4598.4712500000005
8	4598.021406250003
9	4597.846845703127
10	4597.680512695315
4523.539999999999
4523.539999999999	4597.128208618164	1.329
