4860.400000000009
scap
4784.429999999998
4841.3
4842.640000000003
4842.640000000003	4875.4400000000005	0.195
Gradient
4784.429999999998
4836.140000000001
4846.759999999993
4846.759999999993	4877.86	1.336
NewMethod
4784.429999999998
4856.819999999998
4857.519999999997
4857.519999999997
4857.519999999997	4862.260078124999	0.873
improveMethod
4784.429999999998
1	4887.44
2	4878.179999999999
3	4875.439999999998
4	4867.184999999997
5	4864.0700000000015
6	4862.794999999997
7	4862.354999999998
8	4862.341367187497
9	4862.058032226563
10	4861.945369262693
4784.429999999998
4784.429999999998	4861.874614334105	0.788
