4450.640000000005
scap
4403.950000000002
4422.27
4424.680000000004
4424.680000000004	4481.099999999999	0.292
Gradient
4403.950000000002
4425.439999999998
4431.160000000002
4431.160000000002	4470.700000000001	2.152
NewMethod
4403.950000000002
4445.6900000000005
4446.570000000003
4446.570000000003
4446.570000000003	4453.523885803223	1.279
improveMethod
4403.950000000002
1	4481.100000000002
2	4469.570000000006
3	4460.180000000003
4	4458.575000000006
5	4454.597500000002
6	4454.52359375
7	4454.386914062502
8	4454.145854492187
9	4453.605134277344
10	4453.5845440292405
4403.950000000002
4403.950000000002	4453.26869711399	1.201
