4322.1100000000015
scap
4280.660000000002
4314.63
4311.319999999998
4314.63	4331.360000000004	0.143
Gradient
4280.660000000002
4315.990000000001
4312.810000000002
4315.990000000001	4333.210000000003	0.819
NewMethod
4280.660000000002
4317.430000000004
4321.270000000001
4321.270000000001
4321.270000000001	4323.520000000003	0.769
improveMethod
4280.660000000002
1	4335.360000000001
2	4331.360000000001
3	4326.134999999998
4	4324.990000000002
5	4324.859999999999
6	4324.0475
7	4323.863125000001
8	4323.610781249996
9	4323.544125976562
10	4323.24
4280.660000000002
4280.660000000002	4323.000000000004	0.49
